0.441558441558
0.441117764471
0.440677966102
0.440239043825
0.4407960199
0.441351888668
0.440913604767
0.440476190476
0.441030723489
0.441584158416
0.442136498516
0.441699604743
0.441263573544
0.441814595661
0.44236453202
0.441929133858
0.441494591937
0.441060903733
0.440628066732
0.440196078431
0.439764936337
0.440313111546
0.440860215054
0.4404296875
0.440975609756
0.440545808967
0.441090555015
0.440661478599
0.440233236152
0.439805825243
0.440349175558
0.440891472868
0.440464666021
0.44003868472
0.43961352657
0.440154440154
0.439729990357
0.440269749518
0.439846005775
0.439423076923
0.439000960615
0.439539347409
0.440076701822
0.44061302682
0.44019138756
0.439770554493
0.43935052531
0.43893129771
0.438512869399
0.439047619048
0.438629876308
0.439163498099
0.439696106363
0.439278937381
0.438862559242
0.438446969697
0.438032166509
0.438563327032
0.438149197356
0.437735849057
0.438265786993
0.437853107345
0.437441204139
0.437030075188
0.43661971831
0.437148217636
0.437675726336
0.437265917603
0.436856875585
0.43738317757
0.437908496732
0.4375
0.438024231128
0.438547486034
0.438139534884
0.437732342007
0.437325905292
0.437847866419
0.437442075996
0.437962962963
0.438482886216
0.439001848429
0.439519852262
0.439114391144
0.439631336406
0.44014732965
0.439742410304
0.439338235294
0.439853076217
0.439449541284
0.439963336389
0.440476190476
0.44098810613
0.440585009141
0.440182648402
0.440693430657
0.440291704649
0.439890710383
0.440400363967
0.440909090909
0.441416893733
0.441016333938
0.440616500453
0.440217391304
0.439819004525
0.439421338156
0.439024390244
0.438628158845
0.439134355275
0.438738738739
0.438343834383
0.437949640288
0.437556154537
0.437163375224
0.437668161435
0.437275985663
0.436884512086
0.437388193202
0.437890974084
0.438392857143
0.438001784121
0.438502673797
0.438112199466
0.437722419929
0.437333333333
0.4378330373
0.437444543035
0.437056737589
0.437555358725
0.438053097345
0.438549955791
0.43816254417
0.43865842895
0.439153439153
0.438766519824
0.43926056338
0.438874230431
0.439367311072
0.438981562774
0.438596491228
0.438212094654
0.437828371278
0.438320209974
0.438811188811
0.438427947598
0.438917975567
0.438535309503
0.439024390244
0.439512619669
0.44
0.440486533449
0.440104166667
0.43972246314
0.44020797227
0.439826839827
0.439446366782
0.439066551426
0.438687392055
0.438308886972
0.438793103448
0.438415159345
0.438898450947
0.438521066208
0.438144329897
0.438626609442
0.438250428816
0.437874892888
0.4375
0.437981180496
0.437606837607
0.437233134073
0.43771331058
0.437340153453
0.437819420784
0.437446808511
0.437074829932
0.436703483432
0.436332767402
0.436810856658
0.437288135593
0.437764606266
0.437394247039
0.437024513948
0.436655405405
0.437130801688
0.43760539629
0.437236731255
0.436868686869
0.437342304458
0.43781512605
0.438287153652
0.437919463087
0.437552388935
0.437185929648
0.436820083682
0.4372909699
0.436925647452
0.436560934891
0.436196830692
0.436666666667
0.436303080766
0.435940099834
0.436408977556
0.436046511628
0.435684647303
0.435323383085
0.435791217896
0.435430463576
0.435897435897
0.435537190083
0.436003303055
0.436468646865
0.436108821105
0.436573311367
0.43621399177
0.436677631579
0.436318816763
0.436781609195
0.436423297785
0.43606557377
0.436527436527
0.436988543372
0.436631234669
0.437091503268
0.437551020408
0.438009787928
0.438467807661
0.438925081433
0.439381611066
0.439024390244
0.438667749797
0.438311688312
0.43795620438
0.437601296596
0.437246963563
0.437702265372
0.437348423605
0.436995153473
0.437449556094
0.437903225806
0.437550362611
0.438003220612
0.43845534996
0.438102893891
0.437751004016
0.438202247191
0.437850842021
0.4375
0.437149719776
0.4368
0.436450839329
0.436900958466
0.436552274541
0.437001594896
0.437450199203
0.437101910828
0.436754176611
0.436406995231
0.436060365369
0.435714285714
0.435368754956
0.435023771791
0.435471100554
0.435126582278
0.43557312253
0.43522906793
0.435674822415
0.435331230284
0.434988179669
0.434645669291
0.434303697876
0.434748427673
0.434406912804
0.434065934066
0.433725490196
0.434169278997
0.433829287392
0.433489827856
0.43315089914
0.43359375
0.433255269321
0.433697347894
0.434138737334
0.433800623053
0.433463035019
0.433903576983
0.434343434343
0.43400621118
0.434445306439
0.434108527132
0.434546862897
0.434210526316
0.434648105182
0.435085007728
0.435521235521
0.435185185185
0.435620663069
0.435285053929
0.43571978445
0.436153846154
0.435818601076
0.435483870968
0.435917114351
0.436349693252
0.43601532567
0.435681470138
0.435348125478
0.435779816514
0.436210847976
0.435877862595
0.435545385202
0.435213414634
0.435643564356
0.436073059361
0.436501901141
0.436170212766
0.435839028094
0.435508345979
0.435178165277
0.435606060606
0.4360333081
0.435703479576
0.43537414966
0.43580060423
0.435471698113
0.435897435897
0.435568952524
0.435993975904
0.436418359669
0.436090225564
0.435762584523
0.436186186186
0.435858964741
0.43628185907
0.43670411985
0.437125748503
0.437546746447
0.437967115097
0.438386855863
0.438805970149
0.438478747204
0.438897168405
0.438570364855
0.438988095238
0.439405204461
0.439078751857
0.438752783964
0.438427299703
0.438102297999
0.438518518519
0.438934122872
0.439349112426
0.439024390244
0.43870014771
0.439114391144
0.438790560472
0.438467207074
0.438880706922
0.439293598234
0.438970588235
0.438648052902
0.438325991189
0.438004402054
0.438416422287
0.438095238095
0.437774524158
0.438185808339
0.437865497076
0.437545653762
0.437226277372
0.436907366885
0.436588921283
0.436270939548
0.436681222707
0.437090909091
0.436773255814
0.436456063907
0.436865021771
0.437273386512
0.436956521739
0.436640115858
0.436324167873
0.43600867679
0.436416184971
0.436823104693
0.436507936508
0.436193222783
0.435878962536
0.435565154788
0.435971223022
0.436376707405
0.436781609195
0.437185929648
0.437589670014
0.437992831541
0.437679083095
0.437365783822
0.437768240343
0.437455325232
0.437142857143
0.436830835118
0.436519258203
0.436208125445
0.43660968661
0.436298932384
0.435988620199
0.436389481166
0.436789772727
0.436479772889
0.436170212766
0.436569808646
0.436968838527
0.437367303609
0.437765205092
0.43816254417
0.438559322034
0.438249823571
0.437940761636
0.438336856942
0.438732394366
0.439127375088
0.438818565401
0.43851018974
0.438202247191
0.437894736842
0.437587657784
0.43728100911
0.437675070028
0.437368789363
0.437762237762
0.437456324249
0.437150837989
0.436845778088
0.437238493724
0.437630662021
0.437325905292
0.437717466945
0.437413073713
0.437109103544
0.436805555556
0.436502428869
0.436199722607
0.43659043659
0.436980609418
0.436678200692
0.437067773167
0.436765722184
0.436464088398
0.436162870945
0.436551724138
0.436940041351
0.436639118457
0.437026841019
0.437414030261
0.437113402062
0.436813186813
0.437199725463
0.437585733882
0.43797121316
0.437671232877
0.437371663244
0.437756497948
0.438140806562
0.438524590164
0.438907849829
0.43860845839
0.438991138378
0.438692098093
0.438393464942
0.438775510204
0.438477226377
0.438179347826
0.437881873727
0.437584803256
0.437288135593
0.436991869919
0.436696005416
0.437077131258
0.436781609195
0.436486486486
0.436191762323
0.435897435897
0.436277815239
0.436657681941
0.436363636364
0.436742934051
0.437121721587
0.4375
0.437877770316
0.437583892617
0.437961099933
0.437667560322
0.437374413932
0.437751004016
0.43745819398
0.437165775401
0.436873747495
0.437249666222
0.436957971981
0.436666666667
0.4363757495
0.436085219707
0.436460412508
0.436170212766
0.436544850498
0.43625498008
0.436629064366
0.436339522546
0.43605036448
0.435761589404
0.435473196559
0.435846560847
0.43555849306
0.435270805812
0.43498349835
0.435356200528
0.435728411338
0.435441370224
0.435813034891
0.436184210526
0.435897435897
0.435611038108
0.435981615233
0.436351706037
0.43606557377
0.436435124509
0.436149312377
0.435863874346
0.436232831916
0.43660130719
0.43696930111
0.436684073107
0.436399217221
0.436766623207
0.436482084691
0.436197916667
0.4365647365
0.436931079324
0.436647173489
0.436363636364
0.436080467229
0.43579766537
0.436163318211
0.435880829016
0.435598705502
0.43531694696
0.435035552683
0.435400516796
0.435765009684
0.435483870968
0.435203094778
0.435567010309
0.435286542176
0.435006435006
0.43536977492
0.435089974293
0.435452793834
0.435173299101
0.435535599743
0.435256410256
0.434977578475
0.435339308579
0.43506078055
0.435421994885
0.435782747604
0.436143039591
0.435864709636
0.435586734694
0.435309114085
0.435668789809
0.436028007638
0.435750636132
0.4361093452
0.436467598475
0.43619047619
0.43654822335
0.436271401395
0.436628643853
0.436352121596
0.436708860759
0.43706514864
0.437420986094
0.437776373973
0.438131313131
0.43785488959
0.437578814628
0.437303087587
0.437027707809
0.437382001259
0.437106918239
0.436832181018
0.436557788945
0.436283741368
0.436637390213
0.436363636364
0.436090225564
0.43581715717
0.436170212766
0.436522826767
0.436875
0.437226733292
0.437578027466
0.437305053026
0.437032418953
0.436760124611
0.436488169365
0.436216552582
0.435945273632
0.435674331883
0.43602484472
0.435754189944
0.435483870968
0.435833849969
0.436183395291
0.435913312693
0.436262376238
0.43661100804
0.4369592089
0.436689314392
0.437037037037
0.43738433066
0.437114673243
0.436845348121
0.437192118227
0.437538461538
0.437269372694
0.437000614628
0.436732186732
0.436464088398
0.436809815951
0.436541998774
0.436274509804
0.436007348438
0.43635250918
0.436697247706
0.436430317848
0.43677458766
0.436507936508
0.436241610738
0.436585365854
0.436319317489
0.436053593179
0.436396835058
0.436131386861
0.436474164134
0.436208991495
0.436551305404
0.436286407767
0.436628259551
0.436363636364
0.436099333737
0.43583535109
0.43557168784
0.43530834341
0.435045317221
0.434782608696
0.43452021726
0.434861278649
0.435201928873
0.435542168675
0.435279951836
0.435018050542
0.434756464221
0.435096153846
0.434834834835
0.434573829532
0.434313137373
0.434652278177
0.434991012582
0.435329341317
0.435667265111
0.436004784689
0.435744172146
0.436081242533
0.436417910448
0.436754176611
0.437090041741
0.436829558999
0.43656938654
0.43630952381
0.436644854253
0.436385255648
0.436125965538
0.435866983373
0.435608308605
0.435943060498
0.435684647303
0.435426540284
0.43576080521
0.43550295858
0.435836782969
0.435579196217
0.435321913763
0.435064935065
0.435398230088
0.435731132075
0.436063641721
0.436395759717
0.436727486757
0.436470588235
0.43621399177
0.436545240893
0.436288901938
0.43603286385
0.436363636364
0.436694021102
0.436438195665
0.436768149883
0.436512580456
0.436257309942
0.436002337814
0.435747663551
0.435493286632
0.435239206534
0.434985422741
0.435314685315
0.435061153174
0.434807916182
0.434554973822
0.434302325581
0.434049970947
0.433797909408
0.433546140453
0.433874709977
0.433623188406
0.433951332561
0.434279096699
0.434606481481
0.434355118566
0.434682080925
0.435008665511
0.434757505774
0.435083669937
0.434832756632
0.435158501441
0.435483870968
0.435808865861
0.435558112773
0.435882691202
0.436206896552
0.436530729466
0.436854190586
0.437177280551
0.436926605505
0.437249283668
0.437571592211
0.437893531769
0.437643020595
0.437392795883
0.437142857143
0.436893203883
0.436643835616
0.43696520251
0.437286202965
0.437606837607
0.437357630979
0.437677859989
0.437428896473
0.437748720864
0.438068181818
0.438387279955
0.438138479001
0.438457175269
0.43820861678
0.438526912181
0.438278595696
0.438030560272
0.43834841629
0.438665912945
0.438983050847
0.439299830604
0.439051918736
0.43880428652
0.438556933484
0.438309859155
0.438626126126
0.43837929094
0.438132733408
0.437886453064
0.437640449438
0.437394722066
0.43771043771
0.437464946719
0.437780269058
0.437535014006
0.437290033595
0.437045327364
0.437360178971
0.437115707099
0.43687150838
0.437185929648
0.436941964286
0.436698271054
0.436454849498
0.436211699164
0.436525612472
0.436282693378
0.43659621802
0.436909394108
0.437222222222
0.437534702943
0.437291897891
0.437049362174
0.437361419069
0.437673130194
0.437430786268
0.43718871057
0.436946902655
0.437258153676
0.437016574586
0.436775262286
0.436534216336
0.436845008274
0.437155457552
0.436914600551
0.437224669604
0.436984039626
0.436743674367
0.437053326003
0.436813186813
0.436573311367
0.436882546652
0.437191442677
0.436951754386
0.436712328767
0.436473165389
0.43623426382
0.436542669584
0.436303991252
0.436612021858
0.436373566357
0.436681222707
0.436442989634
0.436205016358
0.435967302452
0.435729847495
0.436037016875
0.435799782372
0.435562805873
0.435869565217
0.436175991309
0.435939196526
0.435702658709
0.43546637744
0.435230352304
0.434994582882
0.435300487277
0.435606060606
0.435370470525
0.435675675676
0.435980551053
0.435745140389
0.436049649217
0.436353829558
0.436657681941
0.436422413793
0.436725901992
0.436490850377
0.436256051641
0.436559139785
0.43632455669
0.436627282492
0.436392914654
0.436158798283
0.435924932976
0.435691318328
0.435457953937
0.4352248394
0.434991974318
0.434759358289
0.434526990914
0.434294871795
0.434063000534
0.433831376734
0.434133333333
0.433901918977
0.433670751199
0.433439829606
0.433741351783
0.433510638298
0.433811802233
0.433581296493
0.433351035582
0.433121019108
0.433421750663
0.433191940615
0.432962374139
0.432733050847
0.432503970355
0.432275132275
0.432046536224
0.431818181818
0.432118330692
0.432418162619
0.4327176781
0.432489451477
0.432261465472
0.432033719705
0.43233280674
0.432105263158
0.431877958969
0.431650893796
0.431949553337
0.431722689076
0.431496062992
0.431269674711
0.431043523859
0.431341719078
0.431115767417
0.431413612565
0.431711145997
0.431485355649
0.431259801359
0.431556948798
0.431331592689
0.431628392484
0.43140323422
0.43117831074
0.43147472642
0.43125
0.431025507548
0.431321540062
0.43109724389
0.430873180873
0.431168831169
0.431464174455
0.431759211209
0.43153526971
0.431829963712
0.431606217617
0.431900569653
0.431677018634
0.431971029488
0.432264736298
0.432558139535
0.432851239669
0.433144037171
0.432920536636
0.432697266632
0.432474226804
0.432251416795
0.432028836251
0.431806484817
0.432098765432
0.432390745501
0.432168550874
0.432460195172
0.432238193018
0.432529502309
0.432307692308
0.432086109687
0.431864754098
0.432155657962
0.432446264074
0.43273657289
0.433026584867
0.432805314257
0.432584269663
0.432873915263
0.433163265306
0.433452320245
0.433231396534
0.433520122262
0.433808553971
0.434096692112
0.434384537131
0.434672089476
0.434959349593
0.435246317928
0.435025380711
0.435312024353
0.43509127789
0.434870755195
0.434650455927
0.434430379747
0.434210526316
0.433990895296
0.434277047523
0.434057604851
0.434343434343
0.434628975265
0.434914228052
0.434694906707
0.434475806452
0.43476070529
0.434541792548
0.434826371414
0.434607645875
0.434389140271
0.434673366834
0.434455047715
0.434738955823
0.435022579027
0.435305917753
0.435087719298
0.435370741483
0.435152729094
0.434934934935
0.435217608804
0.435
0.435282358821
0.435564435564
0.435846230654
0.436127744511
0.435910224439
0.436191425723
0.435974090683
0.43625498008
0.436037829766
0.43631840796
0.436101442069
0.435884691849
0.436164927968
0.43594836147
0.435732009926
0.436011904762
0.436291522062
0.436075322101
0.436354631005
0.436633663366
0.436417615042
0.436696340257
0.436480474543
0.436264822134
0.436543209877
0.436821322804
0.436605821411
0.436390532544
0.43617545589
0.435960591133
0.435745937962
0.436023622047
0.436301032956
0.436086529007
0.435872235872
0.435658153242
0.435935198822
0.436211972522
0.435998038254
0.436274509804
0.436060754532
0.436336924584
0.436612824278
0.436399217221
0.436185819071
0.436461388074
0.436248168051
0.43603515625
0.436310395315
0.436097560976
0.436372501219
0.436159844055
0.435947394057
0.435735150925
0.43600973236
0.436284046693
0.436071949441
0.435860058309
0.435648372997
0.435436893204
0.435225618632
0.435014548982
0.434803683955
0.43507751938
0.434866828087
0.434656340755
0.434929850024
0.435203094778
0.434992750121
0.435265700483
0.435538387253
0.435328185328
0.435118186204
0.434908389585
0.435180722892
0.434971098266
0.435243139143
0.435033686237
0.435305435305
0.435096153846
0.434887073522
0.434678194044
0.434469515122
0.434261036468
0.434052757794
0.433844678811
0.433636799233
0.433908045977
0.43417903303
0.434449760766
0.434241989479
0.434034416826
0.434304825609
0.434097421203
0.433890214797
0.434160305344
0.433953266571
0.43422306959
0.43401619819
0.43380952381
0.434079009995
0.433872502379
0.433666191155
0.433460076046
0.43325415677
0.433048433048
0.433317513052
0.433586337761
0.433854907539
0.4336492891
0.433443865467
0.433238636364
0.433033601514
0.43330179754
0.433569739953
0.433837429112
0.433632498819
0.43342776204
0.433223218499
0.433018867925
0.433286185761
0.433081998115
0.432878002826
0.433145009416
0.432941176471
0.432737535278
0.432534085567
0.432330827068
0.432127759512
0.431924882629
0.431722196152
0.431519699812
0.431317393343
0.431115276476
0.430913348946
0.430711610487
0.430510060833
0.430776426567
0.430575035063
0.430373831776
0.430172816441
0.429971988796
0.430237984134
0.430503731343
0.430303030303
0.430568499534
0.430833721472
0.431098696462
0.430898092136
0.430697674419
0.43049744305
0.43029739777
0.430097538319
0.430362116992
0.430162412993
0.429962894249
0.430227167362
0.430027803522
0.429828624363
0.430092592593
0.43035631652
0.430619796485
0.430420711974
0.430683918669
0.430946882217
0.430747922438
0.431010613752
0.431273062731
0.431074227755
0.43133640553
0.431137724551
0.430939226519
0.430740911183
0.430542778289
0.430344827586
0.430147058824
0.430408819476
0.430211202938
0.430013767783
0.429816513761
0.429619440624
0.429422548121
0.429683921209
0.429945054945
0.429748283753
0.430009149131
0.430269775949
0.430073126143
0.43033348561
0.430593607306
0.430853491556
0.431113138686
0.430916552668
0.430720145852
0.430523917995
0.430327868852
0.430131998179
0.429936305732
0.429740791269
0.43
0.430258973194
0.430517711172
0.430776214253
0.431034482759
0.430839002268
0.43109700816
0.430901676484
0.430706521739
0.430511543685
0.430316742081
0.430574400724
0.430379746835
0.430637144148
0.43044263776
0.430699774266
0.430505415162
0.430311231394
0.430117222723
0.429923388914
0.42972972973
0.429986492571
0.429792979298
0.430049482681
0.429856115108
0.430112359551
0.429919137466
0.429726088909
0.429533213645
0.429789143114
0.429596412556
0.429403854774
0.429659498208
0.429467084639
0.42927484333
0.429530201342
0.429785330948
0.429593205186
0.429401251117
0.429656096472
0.429910714286
0.429718875502
0.42952720785
0.429335711101
0.429144385027
0.429398663697
0.429207479964
0.429461504228
0.429715302491
0.429524232992
0.429777777778
0.429586850289
0.429840142096
0.429649356414
0.429902395741
0.429711751663
0.429521276596
0.429330970315
0.429583702391
0.429836210713
0.430088495575
0.4298982751
0.430150309461
0.430402121078
0.430212014134
0.430022075055
0.429832303619
0.429642699603
0.429894179894
0.429704715734
0.429515418502
0.429766622633
0.429577464789
0.429388473383
0.429199648197
0.429010989011
0.429261862917
0.429512516469
0.429323968393
0.429135585783
0.429385964912
0.429197720298
0.429009640666
0.429259745948
0.429071803853
0.428884026258
0.428696412948
0.428946217753
0.428758741259
0.429008300568
0.429257641921
0.429070274989
0.429319371728
0.4291321413
0.429380993897
0.429193899782
0.429006968641
0.429255550718
0.42906875544
0.428882122662
0.428695652174
0.428509343764
0.42832319722
0.428571428571
0.428385416667
0.42863340564
0.428447528187
0.428695275249
0.428509532062
0.428323949762
0.428138528139
0.428385980095
0.428200692042
0.428447903156
0.428262748487
0.42807775378
0.427892918826
0.427708243418
0.427955133736
0.427770590772
0.427586206897
0.427832830676
0.427648578811
0.427894963409
0.427710843373
0.42752688172
0.42777300086
0.427589170606
0.427835051546
0.427651352512
0.427467811159
0.427284427284
0.427530017153
0.427346763823
0.427163667524
0.427408993576
0.427226027397
0.427043217801
0.426860564585
0.42667806755
0.426923076923
0.426740709099
0.426558497011
0.426376440461
0.426194539249
0.426012793177
0.425831202046
0.425649765658
0.425468483816
0.425713069391
0.425531914894
0.425776265419
0.425595238095
0.425414364641
0.42523364486
0.425053078556
0.424872665535
0.4246924056
0.424512298558
0.424332344214
0.424152542373
0.423972892842
0.423793395428
0.424037240796
0.42385786802
0.423678646934
0.423922231615
0.42374313477
0.423986486486
0.424229632756
0.424050632911
0.424293547027
0.424114671164
0.424357353561
0.424178601516
0.424
0.424242424242
0.424063946151
0.423885618167
0.423707440101
0.423949579832
0.42377152457
0.423593618808
0.423835501469
0.423657718121
0.423480083857
0.423721709975
0.423544197738
0.423366834171
0.423189619087
0.423012552301
0.422835633626
0.422658862876
0.422900125366
0.423141186299
0.422964509395
0.423205342237
0.423445974134
0.423686405338
0.423926636098
0.42375
0.423573511037
0.423397169026
0.423220973783
0.423044925125
0.422869022869
0.422693266833
0.422933111757
0.422757475083
0.42299709423
0.423236514523
0.423060970552
0.423300165837
0.423124740986
0.423363711682
0.423188405797
0.423427152318
0.423665701283
0.423904052936
0.423728813559
0.423553719008
0.423791821561
0.423616845582
0.423854725547
0.423679867987
0.423917525773
0.42374278648
0.423980222497
0.423805601318
0.424042815974
0.424279835391
0.424105306458
0.424342105263
0.424167694205
0.424404272802
0.424229979466
0.424055829228
0.423881821912
0.423707957342
0.423534235342
0.423360655738
0.423596886522
0.423423423423
0.423250102333
0.423076923077
0.422903885481
0.42273098937
0.422558234573
0.422385620915
0.422621478154
0.422448979592
0.422684618523
0.42251223491
0.422747655932
0.422982885086
0.422810590631
0.422638436482
0.422873422873
0.423108218063
0.422936152908
0.422764227642
0.422592442097
0.422826969943
0.422655298417
0.42288961039
0.423123732252
0.423357664234
0.423186055938
0.423419773096
0.423653300932
0.423481781377
0.423310400648
0.423139158576
0.423372422159
0.423201293452
0.42303030303
0.422859450727
0.422688736375
0.422518159806
0.422347720855
0.422580645161
0.42241031842
0.422643029815
0.422472815143
0.42230273752
0.422535211268
0.422767497989
0.422999597909
0.422829581994
0.42306147047
0.422891566265
0.422721798475
0.422552166934
0.422783794625
0.422614274258
0.42244488978
0.422676282051
0.422907488987
0.423138510809
0.422969187675
0.4228
0.423030787685
0.422861710631
0.422692768678
0.422523961661
0.422355289421
0.422186751796
0.422417231751
0.422647527911
0.422877640494
0.422709163347
0.42254082039
0.422372611465
0.422602467171
0.422832140016
0.422664015905
0.422893481717
0.423122765197
0.423351866561
0.423580786026
0.42380952381
0.424038080127
0.424266455194
0.424494649227
0.424326465927
0.424158415842
0.423990498812
0.424218440839
0.424446202532
0.424673784104
0.424901185771
0.424733306993
0.424565560821
0.424397947098
0.424230465667
0.424063116371
0.423895899054
0.424122979898
0.423955870764
0.424182749114
0.424015748031
0.423848878394
0.423682140047
0.42390876917
0.423742138365
0.423575638507
0.423802042419
0.423635649784
0.423861852433
0.424087877599
0.423921568627
0.424147393179
0.424373040752
0.424206815511
0.424040720439
0.424266144814
0.424491392801
0.424325381306
0.424550430023
0.424775302853
0.424609375
0.424443576728
0.424668227947
0.424502536091
0.424336973479
0.424171539961
0.424395946999
0.424620179198
0.42445482866
0.424678863371
0.424513618677
0.424348502528
0.424183514774
0.424018655266
0.423853923854
0.424077669903
0.423913043478
0.424136592938
0.424359968968
0.424195424583
0.424418604651
0.424641611778
0.424864446166
0.425087108014
0.425309597523
0.425145067698
0.425367362722
0.425202937766
0.42542503864
0.425260718424
0.425096525097
0.42493245851
0.424768518519
0.424990358658
0.425212027756
0.425048169557
0.424884437596
0.424720831729
0.424557351809
0.424393997691
0.424230769231
0.424067666282
0.423904688701
0.424126008452
0.423963133641
0.424184261036
0.424405218726
0.424626006904
0.424846625767
0.425067075508
0.425287356322
0.425124473382
0.424961715161
0.425181783391
0.425401683244
0.425239005736
0.425076452599
0.425296140619
0.42551566081
0.425735013364
0.425954198473
0.425791682564
0.426010678871
0.425848265345
0.42568597561
0.425904761905
0.426123381569
0.426341834793
0.426179604262
0.426017497147
0.426235741445
0.42645381984
0.426291793313
0.426129889859
0.425968109339
0.425806451613
0.42564491654
0.425862722791
0.425701288855
0.425918908678
0.425757575758
0.425596365013
0.425435276306
0.425274309497
0.425113464448
0.425330812854
0.425547996977
0.425765017
0.425604229607
0.425443563609
0.425660377358
0.425499811392
0.425339366516
0.425179042593
0.425395629239
0.425612052731
0.425828313253
0.425668046669
0.425884123401
0.425723956375
0.425939849624
0.426155580609
0.425995492111
0.425835523845
0.426051051051
0.425891181989
0.426106526632
0.425946756655
0.425787106447
0.425627575871
0.425468164794
0.425308873081
0.425149700599
0.425364758698
0.425579655946
0.425794392523
0.425635276532
0.425849831901
0.42569081404
0.425531914894
0.425746268657
0.425587467363
0.425801640567
0.426015654119
0.426229508197
0.42644320298
0.426656738645
0.42687011537
0.426711309524
0.426552621792
0.426394052045
0.426235600149
0.426448736999
0.426661715559
0.426503340757
0.426716141002
0.426928783383
0.426770485725
0.426612305411
0.426824749907
0.426666666667
0.426508700481
0.426350851221
0.426563078061
0.426405325444
0.426617375231
0.426829268293
0.426671592168
0.426883308715
0.427094868955
0.427306273063
0.42751752121
0.427359882006
0.427202359012
0.427413411938
0.427624309392
0.427835051546
0.427677585572
0.427888153054
0.427730783376
0.427941176471
0.428151414921
0.427994121969
0.428204186559
0.428414096916
0.428256880734
0.428099779897
0.427942794279
0.428152492669
0.427995602785
0.428205128205
0.428048333944
0.427891654466
0.428100987925
0.427944403804
0.427787934186
0.427631578947
0.427475337961
0.427319211103
0.427163198248
0.427372262774
0.427581174754
0.427425237053
0.427633977397
0.427478134111
0.427322404372
0.427166788055
0.427375318529
0.427219796215
0.427428155693
0.427272727273
0.42711741185
0.427325581395
0.427170359608
0.427378358751
0.427586206897
0.427793904209
0.428001450852
0.42784626541
0.427691192461
0.427898550725
0.428105758783
0.427950760319
0.428157799493
0.428002894356
0.428209764919
0.428054953001
0.428261655222
0.428106936416
0.427952329361
0.427797833935
0.428004330567
0.428210678211
0.428416877028
0.428262436914
0.428108108108
0.42795389049
0.42779978394
0.428005759539
0.428211586902
0.428057553957
0.427903631787
0.427749820273
0.427596119296
0.427801724138
0.427648114901
0.427494615937
0.427700035881
0.427546628407
0.427393330943
0.427240143369
0.427445360086
0.427650429799
0.427855352667
0.428060128848
0.428264758497
0.428111587983
0.428316052914
0.428520371694
0.42872454448
0.428571428571
0.428775437344
0.4289793005
0.428826257581
0.429029957204
0.429233511586
0.429436920884
0.429640185251
0.429487179487
0.429334282663
0.429181494662
0.429384560655
0.429587482219
0.429434767153
0.429282160625
0.429129662522
0.429332386364
0.429179978701
0.429382540809
0.429230223484
0.429078014184
0.428925912797
0.428773919206
0.428976266383
0.428824362606
0.429026548673
0.429228591649
0.429076759816
0.42927864215
0.42948038176
0.429681978799
0.429530201342
0.429731638418
0.429932933286
0.429781227946
0.42962962963
0.429830747532
0.429679238632
0.429880197322
0.429728777739
0.429577464789
0.429778247096
0.429978888107
0.43017938797
0.430028129395
0.429876977153
0.429725931131
0.429574991219
0.429775280899
0.429975429975
0.430175438596
0.430024552788
0.429873772791
0.429723098493
0.429572529783
0.429772329247
0.429971988796
0.430171508575
0.430020993702
0.430220356768
0.43006993007
0.429919608528
0.429769392034
0.429619280475
0.429818435754
0.429668411867
0.429518492673
0.429368678061
0.429218967922
0.429069362147
0.428919860627
0.429118773946
0.428969359331
0.429168116951
0.429366736256
0.429565217391
0.429763560501
0.429961765728
0.429812369701
0.429663077457
0.429861111111
0.430059007289
0.430256766135
0.43045438779
0.430305131761
0.430155979203
0.430353430353
0.430204364392
0.430055401662
0.429906542056
0.430103806228
0.429955032861
0.429806362379
0.430003456619
0.429854872149
0.430051813472
0.430248618785
0.430100103555
0.429951690821
0.429803380476
0.43
0.430196483971
0.430048242591
0.430244574578
0.43044077135
0.430292598967
0.430488644184
0.430684554524
0.430880330124
0.430732210382
0.43058419244
0.430779800756
0.430631868132
0.430484037075
0.430336307481
0.430531732419
0.43072702332
0.430579362359
0.430774503084
0.43062692703
0.430821917808
0.431016775077
0.431211498973
0.431063975368
0.430916552668
0.431111111111
0.430963773069
0.430816535702
0.430669398907
0.430863776033
0.430716723549
0.430910951894
0.431105047749
0.430958063416
0.430811179277
0.431005110733
0.430858310627
0.430711610487
0.430905377808
0.43109901327
0.431292517007
0.431145868752
0.431339225017
0.43119266055
0.431385869565
0.431239388795
0.431093007468
0.431286053614
0.431139755767
0.430993557138
0.430847457627
0.431040325313
0.430894308943
0.431087030139
0.431279620853
0.431472081218
0.431326116373
0.431518430842
0.431710615281
0.431902669821
0.432094594595
0.431948665991
0.431802835922
0.431657104286
0.431511470985
0.431365935919
0.431220498989
0.431412200876
0.431266846361
0.431458403503
0.431313131313
0.431167956917
0.431022880215
0.431214261689
0.43106926698
0.431260504202
0.431115591398
0.430970775949
0.431161853593
0.431352802954
0.431543624161
0.431398859443
0.431589537223
0.431444854174
0.431300268097
0.431155778894
0.43101138647
0.430867090726
0.430722891566
0.430578788893
0.430769230769
0.43062520896
0.430481283422
0.430337454059
0.430527722111
0.430717863105
0.430574098798
0.43043043043
0.430286857905
0.430476825609
0.430333333333
0.430189936688
0.430379746835
0.430569430569
0.430758988016
0.430948419301
0.431137724551
0.431326903891
0.431515957447
0.43137254902
0.431561461794
0.43141813351
0.43160690571
0.431795552605
0.431652289317
0.431509121061
0.431697612732
0.43188597945
0.432074221339
0.431931103014
0.432119205298
0.431976166832
0.432164129715
0.432351968243
0.432208994709
0.432066115702
0.432253800397
0.432111000991
0.432298546896
0.432485968967
0.432343234323
0.432200593863
0.432058047493
0.432245301682
0.432102834542
0.431960461285
0.431818181818
0.431675996049
0.431533903884
0.431391905232
0.43125
0.431437027294
0.431295200526
0.431482090043
0.431340341656
0.431198686371
0.431057124097
0.431243846406
0.431102362205
0.43096097081
0.431147540984
0.431006227466
0.43119266055
0.431378971503
0.431565160445
0.431423895254
0.431282722513
0.431468760222
0.431654676259
0.431513566525
0.431699346405
0.431558314276
0.431417374265
0.431603003591
0.431462140992
0.43132137031
0.431506849315
0.431692207369
0.431877444589
0.431736722059
0.431596091205
0.431781178769
0.431640625
0.431825577611
0.431685100846
0.431544715447
0.431729518856
0.431914202145
0.432098765432
0.431958428061
0.432142857143
0.432327166504
0.432511356262
0.432695426533
0.432555123217
0.432414910859
0.432598833441
0.432782636864
0.432642487047
0.43250242797
0.432362459547
0.432546101585
0.432406209573
0.432266408018
0.432126696833
0.432310177706
0.432170542636
0.432353890862
0.432537120723
0.432397547596
0.432580645161
0.432441148017
0.432624113475
0.432484692233
0.432345360825
0.432206119163
0.432388924662
0.43224975861
0.432432432432
0.432293341911
0.432154340836
0.432015429122
0.432197943445
0.432380340508
0.432241490045
0.432423756019
0.432605905006
0.432467115816
0.43264913406
0.432831035588
0.433012820513
0.433194488946
0.433376040999
0.433237271854
0.433098591549
0.43296
0.433141394754
0.433002878158
0.433184143223
0.433045701502
0.432907348243
0.43276908336
0.432630906769
0.432812001277
0.43267389917
0.432854864434
0.432716836735
0.432897672936
0.432759719567
0.432621854094
0.432484076433
0.432346386501
0.432208784214
0.432071269488
0.431933842239
0.431796502385
0.431659249841
0.431839847474
0.431702668361
0.431883137504
0.431746031746
0.431609013012
0.431789340102
0.431969552807
0.431832593532
0.431695721078
0.431558935361
0.4314222363
0.431285623813
0.431465653688
0.43164556962
0.431825371718
0.431688804554
0.431868479292
0.432048040455
0.432227488152
0.432090966519
0.431954531102
0.432133838384
0.432313032502
0.432176656151
0.432040365815
0.432219419924
0.432398361172
0.432262129805
0.432440944882
0.432304785894
0.432168712622
0.432347388295
0.432211387229
0.432389937107
0.432568374725
0.432432432432
0.432296575558
0.432474874372
0.432653061224
0.432831136221
0.432695324757
0.432559598494
0.432423957353
0.432288401254
0.432466311501
0.432644110276
0.432821797682
0.432999373826
0.433176838811
0.433041301627
0.433218642477
0.433083176986
0.433260393873
0.433125
0.432989690722
0.433166770768
0.433031532938
0.432896379526
0.432761310452
0.432938240799
0.432803242906
0.432668329177
0.432533499533
0.432710280374
0.432886951106
0.433063511831
0.432928727046
0.432794026136
0.43265940902
0.432524875622
0.432390425863
0.432256059664
0.432121776949
0.432298136646
0.432163924247
0.432029795158
0.432206019237
0.432071960298
0.432248062016
0.432114073156
0.432290052681
0.432465923172
0.432331991329
0.432507739938
0.432373878056
0.43254950495
0.43241571296
0.432282003711
0.432148377125
0.432323856613
0.43249922768
0.432674490426
0.432849644952
0.432716049383
0.432582536254
0.43244910549
0.432315757015
0.432182490752
0.432357473035
0.432224276032
0.432091161072
0.432266009852
0.432132963989
0.432
0.43186711781
0.432041820418
0.432216415616
0.432390903503
0.432565284178
0.432432432432
0.432606693276
0.432780847145
0.43264805155
0.432515337423
0.432689359092
0.432556713673
0.432424149556
0.432291666667
0.432159264931
0.432026944274
0.431894704622
0.432068543452
0.432242275925
0.432110091743
0.431977988383
0.43184596577
0.432019553926
0.431887599267
0.431755725191
0.431623931624
0.431492218493
0.431665649786
0.43153400427
0.431707317073
0.431575739104
0.431444241316
0.431312823637
0.431181485993
0.431354642314
0.431527693244
0.4313964101
0.431265206813
0.431134083308
0.431003039514
0.430872075357
0.430741190765
0.430610385667
0.430479659988
0.430349013657
0.43052184466
0.430391264786
0.430260764099
0.430130342528
0.43
0.430172674947
0.430345245306
0.430214956101
0.430387409201
0.430559757943
0.430429522081
0.430601753855
0.430773881499
0.430643699003
0.43081570997
0.430685593476
0.430857487923
0.431029278599
0.4312009656
0.43137254902
0.431544028951
0.431413928248
0.431585292345
0.431455257608
0.431626506024
0.431496537188
0.431366646598
0.431236834186
0.43110709988
0.431278195489
0.431148526759
0.431319507063
0.431189903846
0.431060378492
0.430930930931
0.43110177124
0.430972388956
0.430843084308
0.430713857229
0.430584707646
0.430455635492
0.430626311058
0.430796884362
0.430967355496
0.430838323353
0.430709368453
0.430580490724
0.430750822614
0.430622009569
0.430493273543
0.430663478781
0.430833582313
0.430704898447
0.43057629143
0.430447761194
0.430617726052
0.430489260143
0.430659111244
0.430828861061
0.430700447094
0.430870083433
0.431039618707
0.431209053008
0.431080678773
0.43125
0.431121689973
0.430993456276
0.43086529884
0.430737217598
0.430906389302
0.430778371955
0.430947430947
0.430819477435
0.430691599881
0.43056379822
0.430732720261
0.430901542112
0.43107026386
0.430942501482
0.430814814815
0.430687203791
0.430855789162
0.431024274719
0.430896715004
0.430769230769
0.430641821946
0.430514488468
0.430682825894
0.430555555556
0.430428360414
0.430596574129
0.430469441984
0.430342384888
0.430215402774
0.430383480826
0.430551459746
0.430719339623
0.430887120542
0.430760164997
0.430633284242
0.43050647821
0.430674124227
0.430547380812
0.430420711974
0.430294117647
0.430167597765
0.430335097002
0.430208639436
0.430082256169
0.429955947137
0.429829712272
0.429703551512
0.429577464789
0.429451452039
0.429618768328
0.429785986514
0.429953106682
0.430120128919
0.43028705331
0.430161054173
0.430035128806
0.429909277144
0.429783499122
0.429657794677
0.429824561404
0.429698918445
0.429865575687
0.429739994157
0.429906542056
0.429781021898
0.429655575015
0.429530201342
0.429404900817
0.429279673374
0.42944606414
0.429612357913
0.429778554779
0.429653364404
0.429528246942
0.429694323144
0.429860302678
0.429735234216
0.429901105294
0.429776097703
0.429651162791
0.429816913688
0.429982568274
0.430148126634
0.430023228804
0.429898403483
0.429773650609
0.429648970119
0.429524361949
0.429399826037
0.429275362319
0.429440741814
0.429316338355
0.42919200695
0.429067747539
0.428943560058
0.429108796296
0.428984668788
0.429149797571
0.429314830876
0.429190751445
0.42935567755
0.429231658001
0.429107710078
0.428983833718
0.42886002886
0.429024812464
0.42918950101
0.429065743945
0.429230325742
0.429106628242
0.429271103428
0.429435483871
0.429599769652
0.429476108233
0.429352517986
0.429516685846
0.429393155019
0.429269695227
0.429433745329
0.429310344828
0.429187015226
0.429063756462
0.42922767729
0.429391504018
0.429555236729
0.429432013769
0.429308861486
0.429185779817
0.429062768702
0.429226361032
0.429389859639
0.429553264605
0.42943028915
0.42959358901
0.429470672389
0.429347826087
0.429225050043
0.429102344197
0.428979708488
0.428857142857
0.428734647244
0.428897772701
0.428775335427
0.428938356164
0.428815977175
0.428693667998
0.428571428571
0.428734321551
0.428612140211
0.428774928775
0.428937624608
0.428815489749
0.428693424424
0.428856004553
0.428733997155
0.428612059158
0.428490190503
0.428368391131
0.428246660983
0.428125
0.428287418347
0.428449744463
0.428611978427
0.428774120318
0.42865248227
0.428814520703
0.428976467253
0.429138321995
0.42930008501
0.429461756374
0.429623336165
0.429501698754
0.429663175771
0.429541595925
0.429702970297
0.429581447964
0.429459994345
0.429621254946
0.429499858717
0.429661016949
0.429822084157
0.429700734049
0.429579452441
0.429740406321
0.429619181946
0.429498025945
0.429376938258
0.429255918828
0.429134967597
0.429014084507
0.429174880315
0.429054054054
0.4292147481
0.429375351716
0.429535864979
0.429696287964
0.429575484959
0.429735806633
0.429896038213
0.430056179775
0.430216231396
0.43037619315
0.430536065114
0.430415263749
0.430294530154
0.430454290522
0.430333613681
0.430213004484
0.430092462875
0.429971988796
0.42985158219
0.429731243001
0.429890848027
0.430050363738
0.42993006993
0.430089485459
0.429969247973
0.429849077697
0.43000838223
0.429888268156
0.430047472773
0.429927414852
0.429807423946
0.4296875
0.429846582985
0.430005577245
0.430164482855
0.430044593088
0.429924770131
0.429805013928
0.429685324422
0.429565701559
0.429446145282
0.429604897051
0.429763560501
0.429922135706
0.429802613289
0.429961089494
0.429841622673
0.429722222222
0.429602888087
0.429761243753
0.429919511518
0.430077691454
0.429958391123
0.429839156961
0.429997227613
0.42987804878
0.430036021058
0.430193905817
0.430351703129
0.430509413068
0.430390257404
0.430547869397
0.430428769018
0.430309734513
0.430190765828
0.430348258706
0.430505664548
0.430662983425
0.430544048605
0.430425179459
0.430306375932
0.430187637969
0.430068965517
0.429950358522
0.430107526882
0.429988974642
0.429870487738
0.430027548209
0.429909115946
0.430066079295
0.429947701624
0.429829389103
0.429986244842
0.429867986799
0.429749793786
0.42963166575
0.429513602638
0.429395604396
0.42927767097
0.429159802306
0.429041998353
0.428924259056
0.429080932785
0.428963247394
0.429119824513
0.429276315789
0.429432721294
0.429315068493
0.429197480142
0.429353778751
0.429509991788
0.429666119321
0.429822161423
0.429978118162
0.429860541427
0.429743028978
0.429898879475
0.429781420765
0.429664026222
0.429546695795
0.429429429429
0.429312227074
0.429467939973
0.429623567921
0.429506408508
0.429661941112
0.429817388934
0.42970027248
0.429583219831
0.429466230937
0.429621562755
0.429504627109
0.429387755102
0.429270946681
0.429154201795
0.429037520392
0.429192715412
0.429076086957
0.428959521869
0.429114611624
0.428998099376
0.42888165038
0.428765264586
0.428920238741
0.428803905614
0.428687635575
0.428571428571
0.428455284553
0.428339203468
0.428223185265
0.428107229894
0.427991337304
0.427875507442
0.42803030303
0.427914525291
0.428069226609
0.428223844282
0.428108108108
0.427992434477
0.427876823339
0.428031325952
0.42818574514
0.428070175439
0.428224500809
0.428378742919
0.428532901834
0.428417363171
0.428301886792
0.428455941795
0.428340517241
0.428494478858
0.428379106085
0.428532974428
0.428417653391
0.428571428571
0.428456159225
0.428609841355
0.428494623656
0.428648212846
0.428533046749
0.428417942519
0.428302900107
0.428187919463
0.428341384863
0.42849476791
0.428379828326
0.428533118799
0.428418230563
0.428571428571
0.42872454448
0.428877578355
0.429030530262
0.429183400268
0.429336188437
0.429221300508
0.42910647405
0.429259160203
0.429411764706
0.429564287624
0.429716729022
0.429601923591
0.429754273504
0.429906542056
0.429791777896
0.429677074993
0.429562433298
0.429714590557
0.4296
0.429485470541
0.429637526652
0.429789501732
0.429941395844
0.42982689747
0.429978700745
0.429864253394
0.429749866951
0.429901569566
0.430053191489
0.429938846052
0.430090377459
0.429976082913
0.429861849097
0.429747675963
0.429899097185
0.430050438014
0.430201698514
0.430087556381
0.429973474801
0.429859453726
0.430010604454
0.43016167506
0.430047694754
0.429933774834
0.429819915254
0.429706115965
0.429857067231
0.430007938608
0.430158730159
0.43004496165
0.43019566367
0.430081945546
0.43023255814
0.430118890357
0.430269413629
0.430155796145
0.430042238648
0.430192662972
0.430079155673
0.430229490899
0.430116033755
0.430266279989
0.430152872957
0.430303030303
0.43018967334
0.430076376086
0.429963138494
0.429849960516
0.43
0.429886871876
0.429773803261
0.429923744412
0.43007360673
0.429960578187
0.429847609038
0.429734699238
0.429621848739
0.429771593594
0.429658792651
0.429808449226
0.429958027282
0.430107526882
0.429994756162
0.429882044561
0.429769392034
0.429656798533
0.429544264013
0.429693637078
0.429581151832
0.429730437058
0.429618001047
0.429505623856
0.429393305439
0.429281045752
0.429430214323
0.429579304939
0.429467084639
0.429616087751
0.429503916449
0.429652832159
0.429540709812
0.429428645969
0.429577464789
0.429465449804
0.429614181439
0.429502215272
0.429650859823
0.429799426934
0.4296875
0.429835980213
0.429984383134
0.429872495446
0.429760665973
0.429908972692
0.429797191888
0.429685469197
0.429573804574
0.429722005716
0.42961038961
0.429498831472
0.429646936656
0.42953542694
0.429423975091
0.429312581064
0.429201244813
0.429349235157
0.429237947123
0.429126716766
0.429015544041
0.428904428904
0.42879337131
0.42894123738
0.429089026915
0.428978007762
0.428867046042
0.428756141712
0.428645294726
0.42853450504
0.428682170543
0.428829759752
0.428719008264
0.428608313968
0.42849767682
0.428387096774
0.428276573787
0.428166107815
0.428313563693
0.428460943542
0.428608247423
0.428755475393
0.428645028336
0.428534638166
0.42842430484
0.428571428571
0.428461142563
0.428350913301
0.428240740741
0.42838776035
0.428277634961
0.428424569519
0.428314491264
0.428204469561
0.428094504366
0.427984595635
0.427874743326
0.428021555042
0.428168291432
0.428058476532
0.428205128205
0.428095360164
0.427985648385
0.428132205995
0.428278688525
0.428169014085
0.428315412186
0.428205784489
0.428096212897
0.428242517268
0.428388746803
0.428279212478
0.428169734151
0.428060311781
0.427950945324
0.42809706258
0.428243105209
0.428133775849
0.428024502297
0.427915284511
0.427806122449
0.427952053048
0.42809790923
0.427988784094
0.428134556575
0.428025477707
0.427916454407
0.428062133944
0.427953156823
0.427844235174
0.427735368957
0.427626558128
0.427772126144
0.427917620137
0.428063040163
0.427954256671
0.427845528455
0.427990855982
0.427882173692
0.428027418126
0.428172588832
0.428063943162
0.427955352613
0.428100431144
0.42799188641
0.428136882129
0.428281804359
0.428173296174
0.428064842958
0.428209673335
0.42835443038
0.428246013667
0.428390688259
0.428282317227
0.428174001012
0.42806573957
0.427957532861
0.427849380844
0.427741283477
0.427633240717
0.427777777778
0.427922241858
0.428066633014
0.4282109513
0.428102926337
0.427994955864
0.427887039839
0.42777917822
0.427923387097
0.427815570673
0.427707808564
0.42760010073
0.42749244713
0.427384847722
0.427528938098
0.427672955975
0.427565392354
0.42770932864
0.427853192559
0.427996984167
0.427889447236
0.427781964331
0.427674535409
0.427567160432
0.427710843373
0.427603513174
0.427747114902
0.427639829446
0.427532597793
0.427676109301
0.427568922306
0.427712352794
0.427605210421
0.427498121713
0.427641462193
0.427784730914
0.427677677678
0.427570678009
0.427713856928
0.427606901725
0.4275
0.427643089228
0.427536231884
0.427429427929
0.427322677323
0.427465667915
0.427358961558
0.427501871724
0.427644710579
0.427787478174
0.427930174564
0.428072799801
0.428215353938
0.428108646898
0.428251121076
0.428393524284
0.42828685259
0.428180234005
0.428322548532
0.428215974123
0.428109452736
0.428251678687
0.428393833913
0.42828734775
0.428180914513
0.428074534161
0.427968206657
0.427861931959
0.42775571003
0.427649540829
0.427543424318
0.427437360456
0.427331349206
0.427225390528
0.427119484383
0.427013630731
0.426907829534
0.426802080753
0.426944031699
0.426838326318
0.42698019802
0.426874536006
0.426768926274
0.426910709869
0.427052423343
0.42694684796
0.427088482452
0.426982950334
0.427124505929
0.427019017041
0.426913580247
0.426808195507
0.426702862784
0.426597582038
0.426492353231
0.42663378545
0.426528599606
0.426669953167
0.426564810251
0.426459719143
0.426354679803
0.426249692194
0.426144756278
0.42628599557
0.426427165354
0.426322263223
0.426217412691
0.42611261372
0.426007866273
0.426148930941
0.42628992629
0.426185212479
0.426080550098
0.426221458384
0.426362297496
0.426257668712
0.426398429833
0.426293843512
0.426189308485
0.426329982839
0.426225490196
0.426121048763
0.426016658501
0.425912319373
0.425808031342
0.42570379437
0.425599608419
0.425740151701
0.425636007828
0.425776473465
0.425916870416
0.425812759716
0.425708699902
0.425604690936
0.425744992672
0.425885225885
0.426025390625
0.426165486942
0.426061493411
0.426201512564
0.426097560976
0.426237503048
0.426133593369
0.426029734341
0.425925925926
0.425822168088
0.425718460789
0.425614803993
0.425511197663
0.425651009978
0.425547445255
0.425443930917
0.425583657588
0.42548018478
0.425619834711
0.425759416768
0.425655976676
0.425552586835
0.425692083536
0.425831512503
0.425970873786
0.426110167435
0.426006792819
0.425903468348
0.426042677013
0.426181818182
0.426078526418
0.42597528471
0.425872093023
0.42576895132
0.425907990315
0.425804889857
0.425701839303
0.425840793612
0.425979680697
0.426118500605
0.426015473888
0.425912496978
0.425809569841
0.425706692438
0.425845410628
0.425984061821
0.425881216803
0.425778421434
0.425675675676
0.425572979493
0.425711529185
0.425608873885
0.42574734812
0.425644733671
0.425542168675
0.425680558901
0.425818882466
0.425957139417
0.426095329803
0.425992779783
0.425890279115
0.42578782776
0.425925925926
0.426063957682
0.425961538462
0.426099495314
0.426237385872
0.426134998799
0.426032660903
0.425930372149
0.426068170907
0.425965922726
0.426103646833
0.426001439194
0.425899280576
0.426036921602
0.425934803452
0.425832734244
0.425730713943
0.425628742515
0.425766283525
0.425903758678
0.425801819052
0.425939219909
0.425837320574
0.425735469983
0.425633668101
0.425531914894
0.425669216061
0.425806451613
0.425704730053
0.425603057081
0.425501432665
0.425399856768
0.42553699284
0.425674063469
0.425811068702
0.42570951586
0.425846447306
0.425744934446
0.425643469971
0.425542053848
0.425440686041
0.425339366516
0.425238095238
0.425136872173
0.425035697287
0.425172495836
0.425071360609
0.425208085612
0.425344745602
0.42524364155
0.425380228137
0.425516749822
0.42541567696
0.425552125386
0.425688509022
0.425587467363
0.425723777883
0.425860023725
0.425759013283
0.425658050747
0.425794215268
0.425930315241
0.426066350711
0.426202321725
0.426338228328
0.426237272081
0.426373106061
0.42650887574
0.426407950781
0.426543647977
0.426679280984
0.426814849846
0.426713947991
0.426613093831
0.426512287335
0.426411528467
0.426310817194
0.426446280992
0.426581680831
0.426481000708
0.426380368098
0.426515687662
0.426650943396
0.426786135345
0.426921263555
0.42682064577
0.426720075401
0.426619552415
0.426754592558
0.426889569108
0.427024482109
0.426923982113
0.427058823529
0.427193601506
0.427328316087
0.427227839172
0.42736248237
0.427262044653
0.427396616541
0.427531125206
0.427430718647
0.427330359239
0.427230046948
0.427129781741
0.427264195214
0.427163969036
0.427063789869
0.426963657679
0.42709798406
0.427232247481
0.427366447985
0.427266338721
0.427166276347
0.427300398033
0.427200374532
0.427100397847
0.427234440805
0.427134502924
0.42726847521
0.427168576105
0.427302477793
0.427436316896
0.427336448598
0.427236626956
0.427370387669
0.427270604716
0.427404295051
0.427304550758
0.42720485301
0.427105201773
0.427005597015
0.427139193285
0.42703962704
0.427173153111
0.427306616962
0.427207081295
0.427107591989
0.42700814901
0.426908752328
0.427042122411
0.426942764076
0.427076064201
0.426976744186
0.427109974425
0.427243142724
0.427376249129
0.427276951673
0.427409988386
0.427310729215
0.427211516137
0.427344475395
0.427245300534
0.427146171694
0.427047088842
0.426948051948
0.427080918154
0.426981919332
0.426882966396
0.427015755329
0.426916840398
0.427049559981
0.427182218106
0.427314814815
0.42721592224
0.427117075428
0.427249595189
0.427150786309
0.427052023121
0.426953305594
0.427085740698
0.427218114603
0.42735042735
0.427251732102
0.427383975987
0.42728531856
0.42718670667
0.427318874019
0.427450980392
0.42758302583
0.427484436246
0.427385892116
0.427517861258
0.427649769585
0.427551255471
0.427683095348
0.427584618927
0.427716390424
0.427617951669
0.427519558214
0.42742121003
0.427322907084
0.427224649345
0.427126436782
0.427028269363
0.427159926471
0.427061796462
0.42696371153
0.426865671642
0.426767676768
0.426669726876
0.426571821937
0.426703372333
0.426834862385
0.42673698693
0.426868408987
0.426770570708
0.42690192484
0.427033218786
0.426935409986
0.426837645981
0.42673992674
0.426642252232
0.426544622426
0.426675817891
0.426806953339
0.426938028813
0.426840420668
0.426742857143
0.426873857404
0.427004797807
0.426907263591
0.427038136561
0.427168949772
0.427299703264
0.427430397079
0.427561031257
0.427691605839
0.427822120867
0.427724578203
0.427855026214
0.42775752051
0.427887901572
0.428018223235
0.427920746982
0.427823315118
0.427725927612
0.427856167501
0.427986348123
0.427888989991
0.427791676143
0.427921782628
0.428051829961
0.427954545455
0.428084526244
0.428214447978
0.428117192823
0.428019981835
0.427922814983
0.427825692238
0.427728613569
0.427858439201
0.427761397142
0.427664399093
0.427567445024
0.427470534905
0.427600271924
0.427729950159
0.427633069083
0.427536231884
0.427665836541
0.427569035763
0.427472278796
0.427375565611
0.427278896177
0.427408412483
0.427537870224
0.427441229656
0.427570621469
0.427474017171
0.427377456517
0.427280939476
0.427410250621
0.427313769752
0.427217332431
0.427120938628
0.427250169186
0.427379341452
0.427282976325
0.427186654644
0.42709037638
0.426994141505
0.427123225952
0.427027027027
0.426930871425
0.427059882936
0.427188836372
0.427317731773
0.4272215973
0.42735042735
0.427254328761
0.427158273381
0.427062261182
0.427191011236
0.427095034824
0.426999101527
0.426903211318
0.426807364167
0.426711560045
0.426615798923
0.426520080772
0.4266487214
0.426777304328
0.426905829596
0.426810132257
0.426714477813
0.426842930764
0.426747311828
0.426651735722
0.426556202418
0.426460711887
0.4263652641
0.426493622734
0.426621923937
0.426750167748
0.426878354204
0.426782919741
0.426911041574
0.427039106145
0.426943699732
0.427071699799
0.426976328718
0.426881000223
0.426785714286
0.426913635349
0.427041499331
0.426946241356
0.427074041035
0.427201783724
0.427329469461
0.427457098284
0.427584670232
0.427712185342
0.427616926503
0.427521710087
0.427649154052
0.427553972847
0.427458834001
0.427586206897
0.427491103203
0.427618412275
0.42774566474
0.427872860636
0.427777777778
0.42768273717
0.427587738783
0.427492782589
0.427619893428
0.427524972253
0.42765201953
0.427557133348
0.427462289264
0.427367487248
0.427272727273
0.427178009311
0.427083333333
0.427210281409
0.427337173239
0.427242524917
0.427147918512
0.427053353996
0.426958831341
0.427085638416
0.426991150442
0.426896704269
0.427023440955
0.427150121601
0.427276746242
0.427182320442
0.427087936368
0.427214490833
0.427120141343
0.427025833517
0.427152317881
0.427058044582
0.426963812886
0.426869622766
0.426775474195
0.426681367144
0.426587301587
0.426493277496
0.426399294844
0.426525666446
0.426651982379
0.426778242678
0.426684280053
0.426590358794
0.426716549296
0.426622662266
0.426528816542
0.426654937321
0.42656112577
0.426687183996
0.426593406593
0.426719402329
0.426845342707
0.426751592357
0.42665788318
0.426564215148
0.426470588235
0.426377002414
0.426502852128
0.426628646633
0.426535087719
0.426441569831
0.426567295046
0.426473811089
0.426599474145
0.426506024096
0.42641261498
0.42653820889
0.426663747811
0.426570365507
0.42647702407
0.426602493984
0.426727909011
0.426853269189
0.426978574552
0.426885245902
0.426791958042
0.426917194669
0.427042376584
0.427167503822
0.427074235808
0.426981008513
0.42710606722
0.427012873664
0.427137870855
0.427044711014
0.426951591801
0.426858513189
0.426765475153
0.426890390063
0.427015250545
0.426922239164
0.426829268293
0.426736337906
0.426861123204
0.426985854189
0.427110530896
0.427017620187
0.426924749891
0.427049358556
0.426956521739
0.426863725277
0.426770969144
0.426895502933
0.426802780191
0.42671009772
0.426834563613
0.426958975472
0.427083333333
0.427207637232
0.427114967462
0.427022337888
0.427146574154
0.427053977889
0.42696142176
0.426868905742
0.426776429809
0.426900584795
0.426808142053
0.426932236415
0.42683982684
0.42674745726
0.42665512765
0.426562837984
0.426686851211
0.426594594595
0.426502377864
0.426410200994
0.426318063959
0.426225966731
0.426349892009
0.426473763766
0.426381692573
0.426289661127
0.426413465688
0.426321467098
0.426229508197
0.426137588958
0.426261319534
0.426384996767
0.42650862069
0.426416720534
0.426324859974
0.426448416972
0.426571920758
0.426480086114
0.426388291003
0.426511727997
0.426635111876
0.426758442676
0.426666666667
0.426574930123
0.426698194325
0.426821405545
0.426944563816
0.426852846402
0.426975945017
0.427098990767
0.427221983684
0.427344923803
0.427253218884
0.427376099549
0.427498927499
0.427621702766
0.427530017153
0.427438370847
0.427561080154
0.427469466467
0.427592116538
0.427500535447
0.427408993576
0.427531577821
0.427654109589
0.427776588915
0.427899015832
0.427807486631
0.427715996578
0.427624545649
0.427533133818
0.42744176106
0.42735042735
0.427259132664
0.427167876976
0.427290198591
0.427412467976
0.427321237994
0.427230046948
0.427138894815
0.42704778157
0.426956707187
0.427078891258
0.426987849073
0.427109974425
0.427232047731
0.427141031104
0.427263045793
0.427385008518
0.427294017458
0.427203065134
0.427112151522
0.427021276596
0.42714316103
0.427052318162
0.427174144163
0.427083333333
0.426992561105
0.427114322142
0.427023581899
0.427145284622
0.427266935655
0.427176220807
0.42708554447
0.426994906621
0.427116486314
0.427238014425
0.427359490986
0.427268871925
0.427178291287
0.427087749046
0.426997245179
0.427118644068
0.427028171997
0.426937738247
0.426847342791
0.426968670618
0.426878306878
0.426999576809
0.427120795431
0.427241962775
0.427363078875
0.427272727273
0.427393785669
0.427303465765
0.427424466512
0.427334178285
0.427243928194
0.427153716216
0.427274646401
0.427184466019
0.427094323697
0.427004219409
0.426914153132
0.426824124842
0.426734134514
0.426644182125
0.42655426765
0.426675094817
0.426795871076
0.426705981466
0.426616129712
0.426736842105
0.426857503683
0.426767676768
0.426888281086
0.427008834666
0.427129337539
0.427039529016
0.426949758251
0.426860025221
0.426980458079
0.427100840336
0.427221172023
0.427131457371
0.427251732102
0.427371956339
0.427492130115
0.427612253462
0.427522550871
0.42764261745
0.42755294611
0.427672955975
0.427583315867
0.427493713328
0.427404148334
0.427524088814
0.427434554974
0.427554438861
0.427674272556
0.42779405609
0.427913789496
0.428033472803
0.427943944781
0.427854454203
0.427974074848
0.427884615385
0.427795193312
0.427914751358
0.428034259453
0.427944862155
0.428064314053
0.428183716075
0.428303068253
0.428422370618
0.428541623201
0.428660826033
0.428571428571
0.42869057548
0.428809672712
0.428720300125
0.428839341529
0.42875
0.428868985628
0.428779675135
0.428690401832
0.428601165695
0.428720083247
0.428630878069
0.428749739963
0.428868552413
0.428779372011
0.42869022869
0.428601122428
0.428719866999
0.428630791606
0.42854175322
0.428660436137
0.428571428571
0.428482457961
0.428601079286
0.428512139448
0.428423236515
0.428334370463
0.428452924098
0.428364088741
0.428482587065
0.428393782383
0.428512225446
0.428630619432
0.428541839271
0.428660178091
0.428778467909
0.428689712275
0.428600993377
0.428512311194
0.428423665701
0.42854188211
0.428453267163
0.428571428571
0.428689541133
0.428807604877
0.428719008264
0.428630448254
0.428541924824
0.428453437952
0.428571428571
0.428482972136
0.428394552208
0.428306168764
0.428424092409
0.428335739328
0.428453608247
0.428365285508
0.428276999176
0.428394807336
0.428512566955
0.428630278064
0.428542009885
0.428453778052
0.428571428571
0.428483227001
0.428395061728
0.42830693273
0.428218839984
0.428130783467
0.428042763158
0.42816032888
0.428072338677
0.427984384631
0.427896466721
0.427808584925
0.42772073922
0.427632929583
0.427545155993
0.427457418428
0.427574887156
0.427692307692
0.427604593929
0.427721960221
0.427634276343
0.427546628407
0.427663934426
0.427576316329
0.427488734125
0.427401187794
0.427313677314
0.427430910952
0.427548096603
0.427460609781
0.427577741408
0.427490284312
0.427402862986
0.427315477407
0.427432542927
0.427345187002
0.427257866776
0.427170582227
0.427083333333
0.427200326731
0.427113107391
0.427230046948
0.427142857143
0.42725974291
0.427172582619
0.427085457883
0.426998368679
0.427115188583
0.427231960864
0.427144895048
0.427057864711
0.426970869831
0.427087576375
0.42720423539
0.427117263844
0.427030327702
0.426943426943
0.426856561546
0.426769731489
0.42668293675
0.426596177308
0.426712746493
0.42662601626
0.426539321276
0.426655830963
0.426569165143
0.426482534525
0.426598984772
0.426512383272
0.426628780191
0.42674512987
0.426861432339
0.42677484787
0.426891097141
0.42700729927
0.426920737888
0.426834211593
0.42695035461
0.427066450567
0.426979947336
0.427095990279
0.427211986232
0.427327935223
0.42744383728
0.427357345204
0.427473194416
0.427588996764
0.427502527806
0.427416093813
0.427531837477
0.427445432498
0.427561123459
0.427676767677
0.427590385781
0.427705977383
0.42782152231
0.427735163504
0.427850655903
0.427764326069
0.427879765987
0.427995159338
0.427908852591
0.428024193548
0.427937915743
0.427851672713
0.42796695547
0.428082191781
0.427995971803
0.427909786549
0.427823635998
0.427938808374
0.427852686657
0.427967806841
0.428082880708
0.427996781979
0.42811180374
0.428226779252
0.428140703518
0.428054662379
0.427968655817
0.428083567698
0.427997589877
0.428112449799
0.428026500703
0.42794058611
0.42805538832
0.427969502408
0.427883650953
0.427797833935
0.427712051333
0.427626303128
0.427741030267
0.427655310621
0.427569625326
0.427483974359
0.427398357701
0.42731277533
0.427427427427
0.427542033627
0.427456473884
0.427571028411
0.427485497099
0.4274
0.427514497101
0.427429028389
0.427343593844
0.427458033573
0.427572427572
0.427487015581
0.427401637707
0.42731629393
0.427430624875
0.427345309381
0.427260027939
0.427174780527
0.427289048474
0.427403270842
0.427517447657
0.427631578947
0.42774566474
0.427859705062
0.427774457063
0.427689243028
0.427604062936
0.427518916766
0.427433804499
0.427348726115
0.427462686567
0.427576601671
0.427690471454
0.427605409706
0.427520381786
0.427634194831
0.427747962632
0.427662957075
0.427577985297
0.427691696464
0.427805362463
0.42791898332
0.428032559063
0.427947598253
0.427862671165
0.427976190476
0.428089664749
0.42820309401
0.428316478287
0.428231562252
0.428146679881
0.428061831153
0.427977016049
0.427892234548
0.428005545653
0.428118811881
0.428232033261
0.428345209818
0.428260439343
0.428175702414
0.428288822948
0.428401898734
0.4285149298
0.428430209569
0.428345522831
0.428260869565
0.428373839162
0.428486764125
0.42859964448
0.428712480253
0.428627838105
0.428740623766
0.42885336491
0.428966061563
0.428881436181
0.42899408284
0.429106685072
0.429219242902
0.429134634339
0.429050059125
0.429162561576
0.429078014184
0.429190466811
0.429105947223
0.429021460918
0.428937007874
0.428852588073
0.428768201495
0.428880582333
0.428796223446
0.428711897738
0.428627605191
0.4287399253
0.428655660377
0.428767930831
0.428683693517
0.428795914359
0.428711704635
0.428823875908
0.428739693757
0.428655544652
0.428767660911
0.428683539337
0.428599450765
0.428711512061
0.42862745098
0.428543422858
0.428459427675
0.428571428571
0.428487460815
0.428599412341
0.428515471994
0.428627374192
0.428739232576
0.428655314151
0.428767123288
0.428878888671
0.428990610329
0.42890670839
0.429018380915
0.428934506354
0.428850664582
0.428962282587
0.428878468152
0.428990037117
0.4291015625
0.429213044327
0.429324482624
0.429435877416
0.429352068696
0.429268292683
0.429379633242
0.429295884533
0.429407176287
0.429518424644
0.429434697856
0.429351003703
0.429267342167
0.429378531073
0.429489676665
0.429406037001
0.429322429907
0.429238855363
0.429155313351
0.42926639424
0.429182879377
0.429099397004
0.429015947102
0.428932529652
0.428849144635
0.428765792031
0.428682471823
0.428599183991
0.428515928516
0.42843270538
0.428349514563
0.428460493108
0.428571428571
0.428682320978
0.428793170353
0.428709990301
0.428820791311
0.42893154935
0.429042264444
0.429152936616
0.429263565891
0.429180391397
0.429290972491
0.429207824908
0.429318357862
0.429235237173
0.429152148664
0.429069092317
0.429179566563
0.429289998065
0.429400386847
0.429317346741
0.429234338747
0.429151362846
0.429068419018
0.428985507246
0.428902627512
0.429012941858
0.428930088837
0.428847267812
0.428764478764
0.428681721675
0.428791972212
0.428709241752
0.428819444444
0.428929604629
0.428846895488
0.428957007904
0.428874325366
0.428791674696
0.428709055877
0.428819109998
0.42873651772
0.428846524167
0.428763958414
0.428873917228
0.428791377983
0.428901289205
0.428818776452
0.428736295441
0.428653846154
0.428763699289
0.428681276432
0.428598885259
0.428708685626
0.428626320845
0.428736073761
0.428845784521
0.428955453149
0.428873104243
0.428982725528
0.428900402994
0.429009976976
0.42911950892
0.429228998849
0.429338446788
0.429447852761
0.429365535749
0.429474894596
0.429392603947
0.429501915709
0.429419651408
0.429337418614
0.429446678154
0.429555895865
0.42966507177
0.429582854956
0.4295006696
0.429418515685
0.429336393192
0.429445506692
0.429554578474
0.429663608563
0.429772596981
0.429881543752
0.429990448902
0.430099312452
0.430208134428
0.430126002291
0.430043901508
0.430152671756
0.430261400496
0.430370087753
0.430288003052
0.430396643783
0.430314585319
0.43023255814
0.430341147322
0.430259146341
0.430177176605
0.430095238095
0.430013330794
0.43012185834
0.430039977156
0.429958127141
0.429876308278
0.429794520548
0.429712763934
0.429631038418
0.429549343982
0.429657794677
0.429576126212
0.429494488788
0.429412882386
0.429521276596
0.429439696106
0.429358146601
0.429466489463
0.429574791192
0.429493262479
0.429411764706
0.429330297856
0.429248861912
0.429357102219
0.429465301479
0.429383886256
0.429492039424
0.429600151601
0.429518757105
0.429626823262
0.429734848485
0.429842832797
0.429761453995
0.429680106
0.429788039364
0.429706717124
0.429814604616
0.429733308114
0.429841149773
0.429759878994
0.429678638941
0.429786429786
0.42970521542
0.42962403174
0.429731771817
0.429650613787
0.429569486405
0.429488389655
0.429407323518
0.429326287979
0.429433962264
0.429352952273
0.429460580913
0.429379596455
0.429298642534
0.429217719133
0.429136826234
0.429244394196
0.429163526752
0.429271049162
0.429190207156
0.429297684052
0.42921686747
0.42932429889
0.429431689876
0.429350893697
0.429458239278
0.429377468497
0.429296728093
0.429404023313
0.429323308271
0.429242623567
0.42934986847
0.429269209093
0.429376408715
0.429483568075
0.429402929027
0.429510043176
0.429617117117
0.429724150873
0.429831144465
0.429938097918
0.430045011253
0.430151884493
0.430071241095
0.429990627929
0.430097451274
0.430016863406
0.429936305732
0.430043079228
0.429962546816
0.429882044561
0.429801572445
0.429721130451
0.429827844311
0.429934518241
0.430041152263
0.4301477464
0.430254300673
0.430360815106
0.430280373832
0.430199962624
0.430119581465
0.430226041472
0.430145685469
0.430065359477
0.430171769978
0.43027814075
0.430384471818
0.430490763202
0.430597014925
0.430516694647
0.430622901902
0.43054260675
0.430462341536
0.430568499534
0.430488259411
0.43059437302
0.430700447094
0.430806481654
0.430912476723
0.430832247254
0.430938198064
0.430857993672
0.430963900261
0.431069767442
0.430989583333
0.43109540636
0.431015247304
0.431121026213
0.431040892193
0.430960787958
0.431066518023
0.431172208805
0.431277860327
0.431197771588
0.431303379131
0.431408947466
0.43132887899
0.43124884023
0.431168831169
0.431274346132
0.431379821958
0.431299833117
0.431405265109
0.431325301205
0.431245366938
0.431165462294
0.431085587255
0.431005741804
0.430925925926
0.430846139604
0.430766382821
0.430871737923
0.430977054034
0.431082331175
0.431002589715
0.430922877751
0.431028106509
0.430948419301
0.431053604436
0.43097394197
0.430894308943
0.430999445779
0.430919837458
0.431024930748
0.43094534712
0.430865792874
0.430786267996
0.430706772467
0.430811808118
0.430916805018
0.430837329399
0.430942282869
0.430862831858
0.430967741935
0.430888315518
0.430808918371
0.430913780398
0.43083440781
0.430939226519
0.430859878475
0.430780559647
0.430701270017
0.430622009569
0.430726770929
0.430647534952
0.430752253081
0.430856932696
0.430777716492
0.430882352941
0.430803161184
0.430907754502
0.431012309388
0.430933137399
0.43085399449
0.430774880646
0.430879383147
0.430800293686
0.430904753166
0.430825688073
0.430930104568
0.43085106383
0.430772052081
0.430693069307
0.430797433547
0.430901759531
0.430822796408
0.430743862221
0.430664956952
0.430769230769
0.430690349753
0.43079458074
0.430898773568
0.431002928258
0.431107044831
0.431028174168
0.430949332358
0.430870519386
0.430791735235
0.430895795247
0.430999817218
0.430921052632
0.430842316828
0.430763609792
0.430867579909
0.430971512053
0.431075406244
0.431179262505
0.431100565797
0.43102189781
0.431125706988
0.431047063116
0.431150829838
0.431072210066
0.431175934366
0.43109733868
0.431201020594
0.43112244898
0.431043905994
0.430965391621
0.431069022036
0.430990531682
0.431094119789
0.431197670186
0.431119199272
0.431222707424
0.431144260506
0.431247726446
0.43116930351
0.431090909091
0.431012543174
0.430934205743
0.431037615846
0.431140988372
0.4310626703
0.430984380676
0.430906119484
0.43082788671
0.430931203485
0.430852994555
0.43095626928
0.43087808418
0.430799927444
0.430721799057
0.430825022665
0.430746918057
0.430668841762
0.430772018847
0.430875158543
0.43097826087
0.431081325847
0.431003259689
0.4309252218
0.430847212165
0.430769230769
0.430872240318
0.430975212593
0.430897250362
0.430819316332
0.430741410488
0.430844331947
0.430947216197
0.430869329478
0.430791470907
0.430894308943
0.430816473988
0.430738667148
0.43084145901
0.430763675754
0.430685920578
0.430608193467
0.430530494406
0.430633231102
0.430555555556
0.430477908025
0.430400288496
0.430322696953
0.430425378515
0.430528023067
0.430630630631
0.430553053504
0.430475504323
0.43057806591
0.430680590565
0.430783078308
0.430885529158
0.430807989923
0.430730478589
0.430652995143
0.430755395683
0.430677935623
0.430600503416
0.43070285817
0.430625449317
0.430548068284
0.430470715056
0.430393389617
0.430495689655
0.430597952954
0.430700179533
0.430622868426
0.430725053841
0.430647766015
0.43057050592
0.43067264574
0.430774748924
0.430697507621
0.430620294012
0.430543108084
0.43064516129
0.430567998567
0.430670010749
0.430592871216
0.430515759312
0.430617726052
0.430540637308
0.430463576159
0.430565497495
0.430667382358
0.430769230769
0.430692183867
0.430615164521
0.430538172716
0.430461208438
0.430384271671
0.430307362402
0.430230480615
0.430332261522
0.43025540275
0.430178571429
0.430101767542
0.430024991075
0.429948242013
0.430049964311
0.42997323818
0.429896539422
0.429819868022
0.429743223966
0.429844892138
0.429946524064
0.429869898414
0.429793300071
0.429716729022
0.429640185251
0.429563668744
0.429487179487
0.429588748442
0.429512281951
0.429435842677
0.429537366548
0.429460950009
0.429562433298
0.429663880491
0.429587482219
0.429511111111
0.429434767153
0.429536164919
0.429459843639
0.429383549476
0.429307282416
0.429408630794
0.429332386364
0.429256169004
0.429179978701
0.429103815439
0.429027679205
0.42912896931
0.429230223484
0.429154105338
0.429078014184
0.429001950009
0.428925912797
0.428849902534
0.428773919206
0.428697962799
0.428799149841
0.428900301045
0.429001416431
0.429102496017
0.429026548673
0.429127588038
0.429051663128
0.42897576508
0.42889989388
0.428824049514
0.428748231966
0.428672441223
0.428773418169
0.428874359427
0.428975265018
0.429076134958
0.429176969269
0.429101183118
0.429201977401
0.429126213592
0.429050476527
0.429151226398
0.42925194072
0.42935261951
0.429276895944
0.429201199083
0.429125528914
0.429226158999
0.429326753613
0.429251101322
0.429175475687
0.42927602607
0.429376541036
0.429477020602
0.429577464789
0.429501848266
0.42942625836
0.429350695055
0.429275158339
0.429375549692
0.429475905733
0.429400386847
0.429324894515
0.429425206539
0.42934973638
0.429450008786
0.429374560787
0.429474793606
0.429399367756
0.429323968393
0.429248595506
0.429173249078
0.429273429273
0.429198104931
0.429122807018
0.429222943343
0.429147667485
0.429072418026
0.428997194951
0.428921998247
0.4288468279
0.428771683897
0.428696566223
0.428621474864
0.428721541156
0.428646471721
0.428571428571
0.428496411693
0.428596429821
0.428521434821
0.42844646606
0.428371523526
0.428296607205
0.428221717083
0.428146853147
0.428246809998
0.428171967843
0.428097151843
0.42819706499
0.428296943231
0.428222144604
0.428321983587
0.428421787709
0.428347006458
0.428446771379
0.428546501483
0.428471737613
0.428571428571
0.428671084758
0.42877070619
0.42869595537
0.428621230608
0.428546531893
0.428646105593
0.428571428571
0.428670963247
0.428770463253
0.428695803587
0.428621169916
0.428546562228
0.428646014619
0.4287454324
0.428670842032
0.428770220908
0.428869565217
0.428794992175
0.428720445063
0.428645923866
0.428571428571
0.428496959166
0.428596247394
0.428695501129
0.428621048975
0.428720263935
0.428819444444
0.428745009547
0.428844151336
0.428769737984
0.428695350451
0.428620988725
0.428546652792
0.428472342639
0.428571428571
0.428497139886
0.42842287695
0.42834863975
0.428447678448
0.428373462671
0.428472462764
0.428398268398
0.428497229917
0.42842305695
0.428521979924
0.428447828344
0.428546712803
0.428472582598
0.428398478035
0.42849731973
0.428423236515
0.428522039758
0.428447977878
0.428546742699
0.428645473393
0.428571428571
0.428670120898
0.428596097393
0.428522099448
0.42862074918
0.428546772523
0.428645383952
0.428743961353
0.428670001725
0.428768540876
0.428867046042
0.428965517241
0.428891570419
0.428990003447
0.42908840255
0.429186767746
0.429112833764
0.429211160868
0.429309454107
0.429407713499
0.429333792391
0.42925989673
0.429358113922
0.429456297316
0.429382418717
0.429480564155
0.429406706793
0.429504814305
0.429430978167
0.429357167411
0.429283382024
0.429381443299
0.429307679093
0.429233940227
0.429160226687
0.429086538462
0.429012875536
0.428939237899
0.429037240432
0.428963623885
0.429061588609
0.429159519726
0.429257417253
0.429183813443
0.429281673238
0.429208090504
0.429134532991
0.429061000685
0.428987493575
0.429085303186
0.429011817092
0.428938356164
0.42886492039
0.428962684012
0.428889269211
0.428815879535
0.42874251497
0.428669175505
0.428595861125
0.428693570451
0.428791246367
0.428717948718
0.428815587079
0.428742310321
0.428669058602
0.42859583191
0.428693424424
0.428790983607
0.428717773604
0.428644588597
0.428571428571
0.428498293515
0.428425183416
0.428522688502
0.428620160327
0.428547066849
0.428473998295
0.428400954654
0.428327935913
0.428425357873
0.428522746635
0.428620102215
0.428547095895
0.428474114441
0.428571428571
0.428668709568
0.428765957447
0.428863172226
0.428960353922
0.428887376659
0.428814424222
0.428911564626
0.429008671995
0.429105746345
0.429032806391
0.429129843644
0.429226847918
0.429323819232
0.429250891795
0.42917798913
0.429274919341
0.429202037351
0.429298930572
0.429226069246
0.429322925505
0.429250084832
0.429177268872
0.429274084125
0.429201288791
0.429128518142
0.429055772165
0.428983050847
0.428910354177
0.429007116232
0.429103845502
0.429200542005
0.429297205758
0.429393836776
0.429321144405
0.429417738659
0.42951430022
0.429441624365
0.429368973101
0.429296346414
0.429223744292
0.429320257017
0.429416737109
0.429513184584
0.429609599459
0.429705981751
0.429802331475
0.429898648649
0.429826042898
0.429753461668
0.429680904947
0.429608372721
0.429535864979
0.429463381708
0.429390922895
0.429318488529
0.429246078597
0.429173693086
0.429101331984
0.42902899528
0.429125231755
0.429221435794
0.429149115417
0.429076819407
0.429004547751
0.429100707309
0.429028455969
0.428956228956
0.42905234809
0.42914843487
0.429244489315
0.42934051144
0.429268292683
0.429364278507
0.42929208004
0.429219905851
0.429147755925
0.429075630252
0.429003528819
0.429099462366
0.429195363682
0.429123278468
0.429051217464
0.428979180658
0.429075037771
0.429003021148
0.429098842088
0.429026845638
0.428954873343
0.428882925193
0.428811001174
0.428906773977
0.429002514669
0.428930606772
0.429026311379
0.429121983914
0.429217624393
0.429145728643
0.429073856975
0.429169457468
0.429097605893
0.429025778373
0.429121338912
0.429049531459
0.429145056048
0.429240548678
0.429168757317
0.429096989967
0.429025246614
0.428953527248
0.428881831857
0.428810160428
0.428905597327
0.429001002339
0.42909637548
0.429024716099
0.429120053431
0.429048414023
0.428976798531
0.428905206943
0.428833639246
0.428762095429
0.42869057548
0.428785857238
0.42888110722
0.428809603201
0.428738123021
0.428833333333
